image_width: 1920
image_height: 1080
camera_name: usb_cam
camera_matrix:
  rows: 3
  cols: 3
  data: [1711.494361, 0.000000, 662.298413, 0.000000, 1691.269808, 498.786939, 0.000000, 0.000000, 1.000000]
distortion_model: plumb_bob
distortion_coefficients:
  rows: 1
  cols: 5
  data: [0.183457, -0.079704, -0.007354, -0.072905, 0.000000]
rectification_matrix:
  rows: 3
  cols: 3
  data: [1.000000, 0.000000, 0.000000, 0.000000, 1.000000, 0.000000, 0.000000, 0.000000, 1.000000]
projection_matrix:
  rows: 3
  cols: 4
  data: [1671.693726, 0.000000, 573.257769, 0.000000, 0.000000, 1832.419556, 495.144474, 0.000000, 0.000000, 0.000000, 1.000000, 0.000000]
