image_width: 640
image_height: 480
camera_name: usb_cam
camera_matrix:
  rows: 3
  cols: 3
  data: [653.934445, 0.000000, 320.218725, 0.000000, 653.877171, 243.707978, 0.000000, 0.000000, 1.000000]
distortion_model: plumb_bob
distortion_coefficients:
  rows: 1
  cols: 5
  data: [0.044998, -0.065067, -0.000803, 0.002734, 0.000000]
rectification_matrix:
  rows: 3
  cols: 3
  data: [1.000000, 0.000000, 0.000000, 0.000000, 1.000000, 0.000000, 0.000000, 0.000000, 1.000000]
projection_matrix:
  rows: 3
  cols: 4
  data: [659.410217, 0.000000, 321.699570, 0.000000, 0.000000, 660.690125, 243.380230, 0.000000, 0.000000, 0.000000, 1.000000, 0.000000]
